
-0.545641911 -0.172007203  0.003050764  0.175128414  0.540294860 
-0.17302243  0.05960337  0.16870639  0.27715787  0.50252568 
-0.1498754197 -0.0485623305 -0.0003610172  0.0470969730  0.1470188698 
-0.17976090 -0.05018483  0.01037461  0.06993003  0.19843164 
-0.2152143123 -0.0689602647  0.0009575174  0.0682976780  0.2162140417 
-0.21024863 -0.05347765  0.02164697  0.09637258  0.25510941 
-0.2682182567 -0.0856657551 -0.0006651934  0.0853036125  0.2664153559 
-0.26885277 -0.07983550  0.01199985  0.10258279  0.29494015 
-0.2013590524 -0.0640229625 -0.0002584356  0.0625860706  0.1980872482 
-0.28007026 -0.15035836 -0.08805166 -0.02513284  0.11025784 
-0.4389940319 -0.1387371152  0.0003642972  0.1374931926  0.4331528556 
-0.32186001 -0.13201102 -0.04226630  0.04651553  0.23990999 
-0.1787432309 -0.0571836705 -0.0008703657  0.0559275637  0.1782361765 
-0.20272500 -0.05659367  0.01150658  0.07939859  0.22397019 
-0.2520120402 -0.0797291975  0.0009599701  0.0837841800  0.2592773668 
-0.32285919 -0.13867535 -0.05049841  0.03807010  0.22327961 
-0.3024796905 -0.0978537665 -0.0003458212  0.0955895094  0.3033325062 
-0.34507581 -0.06830473  0.06031962  0.18864533  0.46465286 
-0.2024063103 -0.0659471607  0.0007053233  0.0646621209  0.2007925736 
-0.27601316 -0.07634209  0.01680883  0.11124825  0.31057528 
-0.200176006 -0.065383378 -0.000276575  0.064736770  0.201696137 
-0.22224525 -0.06795764  0.00457961  0.07764885  0.23359117 
-0.1515939546 -0.0482911862  0.0005467523  0.0480725700  0.1500518551 
-0.12301011  0.01904450  0.08602033  0.15326882  0.29738263 
-0.3348143340 -0.1072363847 -0.0005381768  0.1047372263  0.3321648211 
-0.6946232 -0.3623927 -0.2054038 -0.0471761  0.2902581 
-0.338776216 -0.108099907  0.001773919  0.110276689  0.344941901 
-0.2256406  0.0278856  0.1447627  0.2626930  0.5041058 
-0.14892773 -0.04799823 -0.00116611  0.04687060  0.14746808 
-0.103384639 -0.055490246 -0.032482814 -0.008836109  0.040526864 
-1.646626e-01 -5.261696e-02  8.236883e-05  5.182999e-02  1.650421e-01 
-0.17019565 -0.02219202  0.04733575  0.11628424  0.26379056 
-0.2294934568 -0.0718083113  0.0006974911  0.0736320989  0.2255992828 
-0.394097678 -0.194891237 -0.098156884 -0.002660272  0.196995644  
-0.404689733 -0.131639125 -0.000906652  0.128328067  0.404554473 
-0.36244056 -0.13455810 -0.02878997  0.07937722  0.30874605 
-0.294321091 -0.095594452  0.001614448  0.097317334  0.303099235 
-0.56479897 -0.26999743 -0.12905494  0.01108903  0.30667270 
-0.2385592079 -0.0762198621 -0.0007210851  0.0755911567  0.2369664530 
-0.21871108 -0.04212884  0.04062764  0.12336175  0.29513120 
-0.231854163 -0.073376417  0.001331937  0.076163071  0.235168706 
-0.22839316 -0.03909228  0.05183726  0.14003481  0.32891734 
-0.161890154 -0.052332757 -0.000561619  0.050471190  0.160191873 
-0.24450568 -0.09171326 -0.02035374  0.05126596  0.20606516 
-0.1618095542 -0.0517671709  0.0001886619  0.0524482611  0.1611143828 
-0.19410624 -0.07573884 -0.02038491  0.03529852  0.15436448 
-0.1842084962 -0.0591092080 -0.0001240517  0.0589422283  0.1840932299 
-0.06051294  0.03716661  0.08231775  0.12712368  0.22467859 
-0.227997377 -0.073616758  0.000873473  0.073837445  0.230214075 
-0.259543991 -0.090685286 -0.009213494  0.072785270  0.245179692 
-0.1670221951 -0.0533072704  0.0002454776  0.0536901915  0.1660134637  
-0.256253122 -0.123623006 -0.060720618  0.001814335  0.137619888 
